0.732820133445784
0.0294527524104571
0.227229837561026
0.467531017726287
0.422566944267601
0.798790841829032
0.664556107716635
0.558534239884466
0.776962808333337
0.726035795174539
0.194916684381204
0.720735270529985
0.62954032397829
0.877339352853596
0.130012691253796
0.175592611311004
0.73454798781313
0.473164169350639
0.0807498800830306
0.00598840970283532
0.487665840191767
0.608137500006706
0.428092863177881
0.28602776164189
0.0887954940553755
0.744711994193494
0.909748822916299
0.156856328016147
0.932234382256866
0.291204755660146
0.966832978185266
0.180161944823340
0.0146314168814570
0.0814061858691275
0.459043024340644
0.111860712757334
0.0585579345934093
0.758064724272117
0.329450998222455
0.58293553092517
0.0551719196510805
0.0729874204844236
0.490974449086934
0.9102883040905
0.157072866568342
0.981638559373096
0.289766765898094
0.372805773979053
0.465233589522541
0.614946308312938
0.621546173002571
0.808402699651197
0.274648392805830
0.356900237500668
0.958544174209237
0.262154419906437
0.946670581120998
0.0891150613315403
0.176786815049127
0.959484720835462
